This file is called 3209G.txt Revised December 19, 2014.
T32N R09W Chippewa County Geodetic Grid (feet) 
PointNo.  Northing(Y)    Easting(X)     Elev(Z)    Description
1         243803.17      144046.63      0.00       281
2         243813.91      146672.49      0.00       282
3         243824.69      149298.49      0.00       283
4         243803.23      154560.67      0.00       285
5         238518.61      154527.05      0.00       0
6         241160.29      154544.29      0.00       0
7         249028.49      149273.43      0.00       0
8         250037.82      149321.73      0.00       0
9         249084.83      149343.69      0.00       191
10        227961.04      149101.08      0.00       571
11        227997.60      143835.19      0.00       569
12        233320.55      138636.82      0.00       463
13        233310.58      141280.58      0.00       464
14        233297.80      143903.08      0.00       465
15        227916.39      159668.49      0.00       575
16        230551.79      159696.12      0.00       527
17        230591.90      154421.94      0.00       526
18        233213.35      157100.53      0.00       470
19        233237.25      154458.73      0.00       469
20        233187.99      159732.11      0.00       471
21        233329.97      140935.26      0.00       464S
22        233280.26      143919.39      0.00       465S
23        233291.84      149146.81      0.00       467S
24        233275.14      150898.21      0.00       468S
25        233248.79      151821.36      0.00       468
27        233274.06      149183.86      0.00       467
28        259337.83      136273.79      0.00       2
29        257026.20      133486.16      0.00       62
30        257078.88      138881.33      0.00       63
31        254401.43      136198.88      0.00       94
32        254206.48      157165.84      0.00       102
33        251803.45      138824.41      0.00       155
34        246477.07      133390.95      0.00       246
35        246437.32      144073.48      0.00       248
36        241285.61      133350.47      0.00       338
37        241185.71      149277.89      0.00       341
38        238629.09      133255.20      0.00       369
39        238546.34      149257.45      0.00       375
40        238532.27      151892.64      0.00       376
41        233129.57      162366.69      0.00       472
42        249493.16      138778.86      0.00       187S
43        249076.84      141434.11      0.00       188S
44        247754.45      141388.02      0.00       188S1
45        248403.14      144098.36      0.00       189S
46        248906.76      157202.79      0.00       194S
47        248690.56      157170.70      0.00       194S1
48        246549.36      138767.68      0.00       247S
49        244896.29      133393.31      0.00       277S
50        243850.11      141972.96      0.00       280S
51        243822.39      141621.90      0.00       280S1
52        241094.93      143984.61      0.00       340S
53        238548.43      142218.02      0.00       372S
54        238565.88      143936.09      0.00       373S
55        259394.20      138957.12      0.00       3S
56        233280.26      143919.39      0.00       465S
57        233150.00      164643.73      0.00       473S
58        233186.50      164789.86      0.00       473S1
59        230534.31      134287.17      0.00       522S
60        229914.89      133665.41      0.00       522S1
61        254452.14      138808.30      0.00       95S
62        254464.76      144049.11      0.00       97S
63        254549.20      144071.51      0.00       97S1
64        253763.08      168418.44      0.00       JACK_LAKE
65        229638.12      128177.02      0.00       NEW_AUBURN
66        222507.28      148897.87      0.00       TROWBRIDGE
67        264621.78      130987.26      0.00       VANA_ACRES
68        254370.02      144096.05      0.00       97TIE
69        254378.50      144094.80      0.00       97TIE
70        254383.95      133437.42      0.00       93
71        254438.93      138847.72      0.00       95
72        259283.70      138909.27      0.00       3
73        246556.77      138794.75      0.00       247TIE
74        246503.33      138774.94      0.00       247TIE
75        246491.39      138736.99      0.00       247TIE
76        249167.86      138801.28      0.00       187
77        243840.49      133369.20      0.00       277
78        249141.90      141448.11      0.00       188TIE
79        249136.12      141388.18      0.00       188TIE
80        249082.61      141386.03      0.00       188TIE
81        249071.55      144100.41      0.00       189
82        243840.79      141400.20      0.00       280
83        230736.49      133160.31      0.00       522
84        239580.38      143963.36      0.00       0
85        241155.06      144006.22      0.00       340
86        238551.50      143966.67      0.00       373
87        238575.76      141321.32      0.00       372
88        249017.78      157178.26      0.00       194
89        233180.61      164997.89      0.00       473MC
90        254369.52      144104.99      0.00       97
91        246523.14      138777.57      0.00       247
92        249119.78      141450.76      0.00       188
93        227946.40      151744.06      0.00       572
94        227949.39      154379.66      0.00       573
95        227720.91      164872.16      0.00       577
96        258308.06      133451.46      0.00       0
97        258076.90      132420.80      0.00       0
98        258791.47      131561.35      0.00       1TIE
99        259412.97      131588.86      0.00       0
100       259358.61      131570.57      0.00       1TIE
101       258025.12      132566.37      0.00       0
102       258072.09      132563.74      0.00       1TIE
103       258348.07      133454.98      0.00       1TIE
104       259379.51      133518.73      0.00       1
105       251708.64      144095.94      0.00       156
106       254404.22      141476.35      0.00       96
107       243878.42      138754.00      0.00       0
108       249128.57      136159.37      0.00       0
109       249114.29      133408.92      0.00       185
110       254013.19      165066.70      0.00       105
111       248730.62      165049.49      0.00       197
112       233337.80      135998.53      0.00       462
113       233360.45      133214.11      0.00       461
114       251657.72      157171.94      0.00       0
115       251715.16      154556.85      0.00       158
116       251599.63      159816.97      0.00       159
117       248960.05      159795.57      0.00       195
118       259236.81      165072.48      0.00       13
119       249078.19      146722.05      0.00       190
121       246096.24      165035.09      0.00       252
122       243461.87      165020.68      0.00       289
123       233046.11      164996.86      0.00       473
124       235743.24      162409.20      0.00       0
125       240906.22      164100.69      0.00       0
126       241239.08      138715.04      0.00       0
127       235626.66      165016.64      0.00       436
128       238226.53      164980.26      0.00       381
129       238269.63      162449.46      0.00       380
130       239640.44      164989.23      0.00       0
131       241965.82      165011.11      0.00       0
132       237190.03      158478.44      0.00       0
133       227924.20      157024.45      0.00       574
134       237201.94      159809.66      0.00       0
135       249076.48      154558.58      0.00       193
136       249080.65      151951.14      0.00       192
137       254343.93      149320.83      0.00       99
138       254348.88      151937.96      0.00       0
139       254353.83      154555.10      0.00       0
140       257044.34      161668.09      0.00       3_4RB
141       256644.47      162010.00      0.00       3_4RB
142       259256.87      141545.30      0.00       4
143       259173.26      144214.39      0.00       5
144       256980.96      144164.46      0.00       64
145       227857.40      162309.79      0.00       576
146       254110.51      162452.46      0.00       104
147       254207.83      159838.21      0.00       103
148       230617.58      149142.82      0.00       525
149       246454.76      149321.09      0.00       249
150       235923.49      143936.15      0.00       432
151       235945.81      138655.57      0.00       431
152       238600.11      138675.98      0.00       0
153       230684.87      138621.14      0.00       523
154       230709.95      135968.06      0.00       0
155       228087.11      135937.64      0.00       566
156       228119.00      133109.87      0.00       565
157       238544.88      146617.35      0.00       374
158       259166.52      149452.97      0.00       7
159       259163.16      152072.28      0.00       8
160       259159.87      154645.04      0.00       9
161       256872.57      154626.10      0.00       66
162       254283.03      154573.67      0.00       101
163       254313.45      151950.10      0.00       100
164       256942.37      149394.63      0.00       65
165       259156.53      157247.43      0.00       10
166       256840.77      157209.26      0.00       0
167       259117.28      159861.62      0.00       11
168       254338.54      146712.56      0.00       98
169       259138.16      146833.64      0.00       6
170       235858.54      159779.32      0.00       435
171       235878.01      154492.95      0.00       434
172       238506.12      157173.91      0.00       378
173       238518.61      154527.13      0.00       377
174       238529.27      159837.76      0.00       379
175       241160.31      154544.41      0.00       342
176       241107.24      159828.68      0.00       343
177       243713.18      159771.88      0.00       287
178       243644.80      162417.39      0.00       288
179       238622.10      136062.20      0.00       370
180       238599.87      138676.13      0.00       371
181       241240.20      138714.61      0.00       339
182       243878.43      138753.54      0.00       279
183       249128.42      136155.06      0.00       186
184       246500.55      136143.70      0.00       0
185       243859.96      136132.23      0.00       278
186       243100.57      157962.36      0.00       IP_1
187       243595.04      158035.29      0.00       IP_1
188       235997.53      149207.74      0.00       DS
189       237201.04      149224.02      0.00       DS
190       235925.65      149220.90      0.00       433
191       256655.60      165067.03      0.00       68
192       243817.61      151035.01      0.00       284
193       251714.49      149321.44      0.00       157
194       251686.89      149331.05      0.00       157TIE
195       251687.13      149288.18      0.00       157TIE
196       251739.93      149288.44      0.00       157TIE
197       251740.65      149329.93      0.00       157TIE
          